%亮度量化表
a=[16 11 10 16 24 40 51 61;
    12 12 14 19 26 58 60 55;
    14 13 16 24 40 57 69 56;
    14 17 22 29 51 87 80 62;
    18 22 37 56 68 109 103 77;
    24 35 55 64 81 104 113 92;
    49 64 78 87 103 121 120 101;
    72 92 95 98 112 100 103 99];
%色度量化表
b= [17    18    24    47    99    99    99    99;
    18    21    26    66    99    99    99    99;
    24    26    56    99    99    99    99    99;
    47    66    99    99    99    99    99    99;
    99    99    99    99    99    99    99    99;
    99    99    99    99    99    99    99    99;
    99    99    99    99    99    99    99    99;
    99    99    99    99    99    99    99    99];

q(65)=[ 11     8     7    11    17    28    36    43
     8     8    10    13    18    41    42    39
    10     9    11    17    28    40    48    39
    10    12    15    20    36    61    56    43
    13    15    26    39    48    76    72    54
    17    25    39    45    57    73    79    64
    34    45    55    61    72    85    84    71
    50    64    67    69    78    70    72    69];

q(75)=[8     6     5     8    12    20    26    31
     6     6     7    10    13    29    30    28
     7     7     8    12    20    29    35    28
     7     9    11    15    26    44    40    31
     9    11    19    28    34    55    52    39
    12    18    28    32    41    52    57    46
    25    32    39    44    52    61    60    51
    36    46    48    49    56    50    52    50];

q(76.6)=[ 7     5     5     7    11    19    24    29
     6     6     7     9    12    27    28    26
     7     6     7    11    19    27    32    26
     7     8    10    14    24    41    37    29
     8    10    17    26    32    51    48    36
    11    16    26    30    38    49    53    43
    23    30    37    41    48    57    56    47
    34    43    44    46    52    47    48    46];
q(80)=[   6     4     4     6    10    16    20    24
     5     5     6     8    10    23    24    22
     6     5     6    10    16    23    28    22
     6     7     9    12    20    35    32    25
     7     9    15    22    27    44    41    31
    10    14    22    26    32    42    45    37
    20    26    31    35    41    48    48    40
    29    37    38    39    45    40    41    40];